zl zs1 zs2 rein1 rein2 beta betaerr SN1 SN2 mag1 mag2
0.162 0.459 0.610 0.987 1.118 0.8828 0.0148 26.651 27.251 2.292 2.823
0.431 1.328 2.035 1.504 1.746 0.8617 0.0115 21.418 32.809 23.862 6.190
0.553 1.276 1.895 1.352 1.679 0.8052 0.0111 30.725 21.752 9.267 2.645
0.372 1.000 2.249 0.974 1.281 0.7606 0.0124 33.714 20.000 2.799 4.663
0.330 1.906 2.315 1.419 1.468 0.9662 0.0135 21.098 24.510 3.600 4.204
0.230 1.855 3.132 1.924 2.028 0.9487 0.0117 25.252 24.991 2.503 3.181
0.285 0.575 0.992 1.866 2.622 0.7114 0.0085 33.260 60.843 3.147 5.260
0.155 0.660 0.999 1.482 1.631 0.9085 0.0123 22.582 37.766 8.370 4.468
0.101 0.229 0.606 1.135 1.695 0.6707 0.0098 32.550 46.829 2.797 7.367
0.466 1.970 2.551 1.215 1.297 0.9370 0.0141 30.014 23.307 4.211 14.655
0.261 0.901 0.914 1.078 1.084 0.9944 0.0164 37.904 20.143 3.382 4.689
0.336 1.163 1.867 1.655 1.898 0.8722 0.0112 31.285 20.466 9.476 2.655
0.182 0.627 1.353 0.920 1.116 0.8245 0.0142 58.349 20.698 4.878 2.147
0.279 0.681 1.469 1.690 2.299 0.7350 0.0091 84.630 24.347 5.405 6.137
0.480 1.159 2.529 0.687 0.939 0.7309 0.0151 24.820 20.131 2.649 3.249
0.263 1.417 2.809 1.605 1.777 0.9034 0.0118 28.257 40.421 8.842 2.564
0.966 1.507 1.960 0.774 1.088 0.7114 0.0133 22.909 22.598 6.209 2.735
0.398 1.714 2.267 1.471 1.574 0.9342 0.0128 25.200 24.717 2.500 2.751
0.262 0.550 1.295 1.069 1.613 0.6631 0.0100 23.948 31.269 2.627 6.057
0.272 0.726 1.138 0.839 1.015 0.8259 0.0152 20.653 30.531 6.421 3.163
0.259 0.470 0.705 1.059 1.485 0.7131 0.0109 27.812 22.709 2.511 2.695
0.303 0.817 1.129 0.727 0.842 0.8631 0.0179 22.593 73.256 5.062 2.457
1.016 1.523 2.923 0.447 0.866 0.5160 0.0140 24.868 22.900 2.774 22.914
0.287 1.607 2.102 1.562 1.638 0.9538 0.0127 20.468 20.048 12.219 5.527
0.365 0.593 1.460 0.642 1.236 0.5196 0.0105 25.718 22.536 2.919 34.783
0.249 1.206 1.289 1.134 1.152 0.9842 0.0157 56.294 27.465 3.211 2.543
0.186 0.331 2.149 1.191 2.466 0.4846 0.0066 21.011 22.293 20.087 18.462
0.370 0.761 1.044 1.143 1.429 0.7995 0.0120 20.998 167.623 4.812 3.833
0.214 0.484 1.250 1.427 2.104 0.6784 0.0089 24.635 23.598 4.053 5.817
0.345 0.576 0.963 0.577 0.916 0.6294 0.0144 21.199 104.189 14.441 2.878
0.373 0.821 2.384 0.937 1.429 0.6560 0.0106 21.343 26.663 2.389 9.539
0.166 0.660 0.756 1.020 1.062 0.9603 0.0162 27.930 38.516 3.048 47.252
0.440 1.470 1.870 1.337 1.455 0.9193 0.0131 31.930 39.646 2.014 2.486
0.276 0.799 1.278 1.435 1.711 0.8386 0.0113 34.806 77.194 2.536 2.567
0.184 0.602 0.770 0.511 0.559 0.9137 0.0259 30.367 31.292 4.145 2.651
0.252 0.856 1.122 1.516 1.662 0.9123 0.0122 34.200 49.621 25.041 10.796
0.224 0.759 2.118 0.739 0.929 0.7958 0.0159 42.012 37.214 3.499 4.064
0.155 0.397 1.040 0.931 1.292 0.7205 0.0120 25.568 86.038 4.969 3.143
0.510 1.442 1.452 0.932 0.936 0.9964 0.0181 35.353 26.342 3.917 7.504
0.193 1.749 1.861 1.789 1.802 0.9930 0.0126 28.812 64.222 4.224 3.766
0.135 0.365 1.581 1.471 2.122 0.6938 0.0090 20.848 23.340 2.135 2.529
0.470 1.424 1.487 0.687 0.701 0.9804 0.0223 20.667 56.940 11.183 15.236
0.312 0.566 0.677 1.007 1.205 0.8351 0.0137 26.302 47.547 5.690 2.739
0.161 1.166 1.278 1.468 1.488 0.9868 0.0137 35.142 36.822 11.097 2.208
0.203 0.543 0.792 1.151 1.363 0.8448 0.0128 51.141 23.889 6.800 4.647
0.361 0.988 2.007 0.584 0.748 0.7807 0.0187 28.436 36.746 2.993 11.143
0.203 0.365 1.039 1.398 2.519 0.5550 0.0072 29.680 136.312 14.173 2.685
0.384 0.860 1.122 0.636 0.753 0.8448 0.0193 20.093 21.025 2.137 6.876
0.218 0.409 1.348 0.535 0.950 0.5631 0.0133 25.822 39.493 4.491 3.036
0.692 1.161 1.742 1.204 1.782 0.6756 0.0096 32.783 30.900 2.415 2.207
0.321 1.103 1.526 1.978 2.195 0.9012 0.0109 29.865 20.501 2.560 3.171
0.294 1.111 1.224 1.199 1.238 0.9689 0.0148 38.693 33.555 10.404 5.901
0.202 0.381 0.595 1.382 1.939 0.7124 0.0095 67.079 31.970 4.077 2.853
0.358 0.662 1.480 1.083 1.769 0.6121 0.0090 29.535 21.790 2.226 2.578
0.554 1.482 1.998 0.629 0.722 0.8706 0.0203 30.974 38.193 2.945 8.190
0.515 2.300 2.540 1.021 1.048 0.9746 0.0165 24.713 26.248 3.146 2.625
0.655 0.965 1.790 0.460 0.897 0.5120 0.0135 47.118 20.502 9.204 7.688
0.181 0.303 0.935 0.604 1.202 0.5046 0.0106 28.024 21.523 2.825 2.548
0.192 0.969 1.320 1.811 1.925 0.9406 0.0118 20.950 22.042 2.625 9.210
0.226 0.332 0.931 0.632 1.471 0.4264 0.0085 82.993 90.389 3.040 3.038
0.350 0.595 1.426 0.560 1.016 0.5518 0.0125 22.507 22.698 2.644 2.376
0.169 0.348 1.117 0.719 1.176 0.6110 0.0117 51.354 43.571 2.406 2.448
0.553 1.089 1.867 0.640 0.906 0.7060 0.0152 29.657 120.051 2.576 2.383
0.468 1.455 2.538 1.192 1.423 0.8375 0.0124 29.449 27.314 6.155 5.049
0.253 0.517 1.455 1.036 1.662 0.6234 0.0094 38.576 48.972 2.241 8.005
0.375 1.102 1.708 1.273 1.497 0.8503 0.0122 28.492 22.524 2.808 2.979
0.427 1.143 2.538 0.849 1.115 0.7610 0.0136 41.596 26.142 6.510 2.823
0.817 1.327 2.247 0.594 0.975 0.6098 0.0135 27.966 23.876 3.201 3.727
0.804 1.904 2.495 1.238 1.446 0.8560 0.0125 21.741 20.208 2.738 4.846
0.099 0.283 0.550 1.326 1.669 0.7941 0.0110 42.502 20.708 2.870 19.243
0.322 0.799 1.205 0.763 0.932 0.8187 0.0161 55.347 26.598 4.496 2.734
0.341 0.991 1.411 0.950 1.093 0.8691 0.0149 29.451 21.709 3.123 20.937
0.454 2.076 2.865 1.232 1.322 0.9315 0.0139 23.299 37.451 3.134 2.841
0.164 0.478 0.732 0.951 1.120 0.8490 0.0145 26.200 37.756 2.719 5.810
0.132 0.235 1.805 0.851 1.762 0.4792 0.0079 21.019 67.424 3.079 2.117
0.796 1.321 1.485 0.461 0.537 0.8585 0.0260 33.838 40.644 5.330 2.194
0.088 0.359 0.409 1.093 1.136 0.9627 0.0156 50.879 26.959 2.824 4.083
0.099 0.731 1.708 1.271 1.380 0.9209 0.0135 20.360 27.345 3.772 3.966
1.007 2.577 2.821 0.824 0.869 0.9486 0.0185 25.781 24.850 2.897 9.113
0.103 0.620 0.757 1.295 1.340 0.9661 0.0142 35.498 20.741 3.308 4.449
0.229 0.699 0.761 1.006 1.046 0.9623 0.0164 21.967 66.294 62.448 2.594
0.529 1.978 3.087 1.081 1.217 0.8885 0.0141 34.027 23.143 4.601 2.383
0.567 1.453 1.656 1.427 1.535 0.9295 0.0129 29.517 67.372 2.703 7.359
0.234 1.132 1.722 1.701 1.846 0.9214 0.0118 29.874 20.035 16.534 9.046
0.042 0.647 1.089 1.995 2.049 0.9738 0.0119 20.057 29.846 2.176 3.448
0.384 1.280 1.501 2.050 2.175 0.9427 0.0113 21.997 40.325 3.712 2.463
0.340 0.475 0.716 0.626 1.160 0.5420 0.0112 49.114 31.366 2.799 6.047
